17 385 396 561 763 837 883 894 944 956 
17 39 177 275 364 368 470 490 699 712 946 949 966 981 
39 75 277 334 704 793 825 849 914 937 964 984 
8 36 73 118 120 274 310 424 593 692 749 862 893 895 981 991 
32 72 93 350 394 606 937 981 992 
38 69 75 212 217 285 319 346 423 521 522 561 588 749 753 800 823 871 
37 125 130 175 196 345 401 470 516 571 630 698 834 839 
2 33 48 193 217 241 387 560 933 
71 242 336 354 471 509 593 758 921 989 
175 472 489 832 833 834 844 975 
70 114 217 321 387 529 594 684 691 738 765 819 
510 517 878 919 
55 105 108 156 227 294 390 494 606 722 778 815 862 944 
112 285 387 499 511 594 614 
216 387 409 485 692 699 789 798 998 
51 114 218 362 368 510 684 707 722 795 867 918 943 
2 32 33 39 171 193 241 335 631 720 735 763 780 876 886 920 933 
8 93 376 405 438 614 694 788 858 
48 52 229 311 331 335 469 509 639 720 795 812 992 
350 414 419 450 472 487 511 641 797 832 844 857 956 
3 240 283 432 438 538 746 814 956 981 
126 181 319 348 419 421 490 499 639 735 765 843 888 913 
197 283 527 561 778 826 846 862 906 967 
161 368 522 573 580 826 
8 17 187 214 332 354 423 548 624 763 837 956 
326 397 469 841 862 885 948 
90 120 309 510 620 793 
17 229 401 509 581 631 758 763 837 956 
57 229 326 368 401 403 509 526 581 631 722 758 774 937 950 
7 28 419 530 571 606 623 795 853 854 975 
17 55 377 541 690 798 903 
21 38 57 93 277 362 538 561 758 793 874 914 918 921 984 
32 145 350 529 572 579 593 676 694 
215 229 401 419 581 687 693 758 765 
17 48 52 93 381 460 469 522 580 597 742 839 984 
1 41 66 116 208 314 470 523 541 590 606 823 874 884 980 
45 55 177 309 614 692 
12 226 449 614 758 857 867 876 897 914 919 952 
105 209 321 372 494 563 682 802 839 844 862 922 
93 372 381 428 439 460 510 522 597 682 802 844 922 
27 66 144 145 329 403 419 439 523 765 815 900 902 952 
1 8 48 126 319 499 578 639 765 881 
6 41 110 207 208 541 590 606 676 798 826 844 
217 661 923 947 
2 183 234 296 298 350 355 366 411 414 438 572 579 649 712 803 829 842 975 
212 362 419 694 919 
17 162 217 381 623 690 701 711 794 944 
44 48 217 489 560 825 879 
54 183 192 321 766 784 831 944 982 998 
32 120 145 214 283 422 449 593 676 694 895 
396 438 470 548 988 
112 285 387 489 499 511 594 614 720 
12 53 227 373 390 611 651 722 829 835 
27 28 70 120 240 283 362 401 438 511 623 890 
129 280 419 477 487 517 529 663 758 928 
7 419 606 854 975 
116 201 333 381 398 440 492 523 568 632 653 706 720 777 778 846 865 893 953 
100 239 297 388 500 540 794 804 919 945 
276 329 346 368 417 468 470 486 541 580 692 860 960 967 
110 205 285 449 471 529 829 944 960 
78 94 129 132 166 198 283 384 597 644 663 688 922 926 
36 194 419 467 505 533 581 613 661 682 752 788 814 826 913 988 
334 538 645 694 763 941 
48 130 145 160 274 432 438 528 529 580 795 963 967 
139 438 526 540 608 790 843 883 966 
28 145 157 274 346 742 809 
69 126 207 285 477 541 658 793 919 
423 521 720 749 789 800 803 805 823 926 
8 54 70 90 151 192 239 266 279 394 447 637 711 855 944 988 998 
197 236 369 396 438 470 548 550 824 911 988 
8 130 217 274 395 432 528 663 843 919 967 
32 140 214 354 480 504 568 605 710 743 745 782 785 956 966 
1 66 314 378 470 523 541 823 874 884 980 
0 53 57 197 236 368 550 568 598 694 824 911 
118 167 171 280 289 462 492 526 541 578 598 674 774 905 946 964 995 
168 240 274 328 448 493 538 766 834 874 885 
494 541 631 963 
46 54 295 308 413 419 521 529 571 597 687 738 752 844 885 
48 319 352 368 527 529 595 676 720 
212 242 361 467 471 558 605 663 673 682 775 825 871 
73 162 220 339 409 516 598 653 746 819 883 984 995 
120 171 183 256 298 366 412 414 571 600 740 829 
140 177 285 371 392 460 487 489 539 554 632 656 918 
327 358 381 642 665 699 763 771 830 883 
75 164 177 368 401 490 561 568 630 766 785 825 966 981 
143 224 317 640 674 814 865 966 
18 229 371 401 422 554 692 714 883 886 918 
692 893 991 
93 234 293 368 494 538 610 682 787 921 932 
21 57 73 314 362 591 611 676 692 752 852 918 964 
177 259 346 373 424 494 775 781 
52 308 424 526 538 598 639 707 937 
75 269 308 314 329 403 419 427 487 548 718 765 775 886 952 
27 126 217 334 645 740 763 800 830 998 
1 128 183 205 210 315 459 675 701 766 831 921 
217 229 311 394 487 510 795 812 
183 414 419 460 536 641 797 956 
157 276 342 500 590 733 738 769 932 
155 331 335 419 509 571 579 639 720 992 
175 214 216 227 608 752 800 859 928 967 972 
8 422 448 540 823 918 
110 369 494 573 707 867 
40 69 120 509 569 593 611 803 860 862 895 921 
38 117 158 164 327 405 484 558 783 887 914 
17 43 51 205 275 308 424 571 620 705 
12 205 401 489 883 
45 419 565 665 740 
36 112 132 467 505 521 682 684 687 688 775 824 914 
196 296 354 675 
27 58 96 258 303 554 614 676 883 984 997 998 
32 285 349 602 744 803 812 829 888 921 947 
314 526 591 631 735 780 871 874 888 
91 100 142 183 185 204 461 594 675 797 829 
197 561 826 967 
12 37 55 176 201 256 419 449 515 561 692 694 701 722 758 914 919 997 
296 569 609 718 732 912 
39 263 335 456 550 620 704 722 769 825 886 963 
174 241 692 766 794 950 
105 207 392 394 412 415 461 477 510 523 569 639 801 843 862 
41 116 153 208 280 541 590 606 673 691 805 
80 326 354 469 496 626 841 885 948 
21 38 57 362 429 611 620 782 825 854 918 950 
51 71 165 175 529 631 663 723 746 752 788 857 922 956 998 
190 192 477 487 529 598 638 640 694 766 782 820 888 935 
28 178 239 342 347 518 521 534 627 705 733 932 
351 477 766 820 
7 55 75 254 395 419 854 874 910 975 
209 267 296 329 411 440 722 803 
392 461 470 486 569 605 710 801 862 
164 214 354 423 572 630 775 825 843 956 998 
229 397 401 509 581 631 704 758 825 862 885 
78 177 557 775 781 
220 368 413 712 947 967 981 
4 373 385 460 489 684 716 744 833 923 
177 183 197 414 460 536 574 713 759 817 
95 117 280 367 419 480 617 622 624 682 690 789 797 798 838 911 966 
4 198 373 423 521 530 673 716 749 823 
40 41 75 112 132 205 207 285 361 403 461 468 477 500 529 682 688 829 896 950 
41 132 145 163 308 310 474 775 
33 58 177 274 470 534 573 740 795 883 890 995 
44 48 120 377 554 593 661 663 720 780 862 895 
35 97 104 110 307 316 335 360 364 381 471 829 846 937 960 
204 229 334 401 509 581 631 703 758 895 
364 422 692 699 714 946 
48 504 514 531 563 686 687 814 
88 255 489 571 702 744 833 859 956 
17 29 275 285 429 455 534 569 571 597 752 846 871 883 995 
97 280 541 579 581 597 618 831 895 932 966 
120 229 234 398 458 712 730 883 
71 279 478 766 853 
45 108 155 205 368 378 385 460 538 583 614 693 
168 397 513 682 862 885 
348 349 351 464 634 
66 85 675 841 886 946 967 
10 329 354 403 419 493 504 746 765 788 952 956 
72 78 96 147 183 533 538 541 594 634 642 738 
58 120 332 421 631 651 707 789 828 829 841 890 946 
4 163 373 496 626 716 854 857 937 954 964 
67 259 375 401 494 541 631 692 746 797 956 963 964 966 
12 171 185 197 227 289 401 406 462 471 523 541 674 678 789 878 883 941 946 960 964 
320 934 
48 319 352 368 527 529 595 676 
346 435 527 803 
5 38 80 319 352 427 461 522 576 577 588 649 736 860 
2 33 116 193 241 354 472 526 538 624 639 707 775 933 937 
6 75 201 355 415 438 490 676 684 913 
72 268 351 471 545 606 749 841 
1 8 48 72 111 210 349 354 578 778 881 888 
32 40 75 206 355 361 438 477 500 684 742 798 897 952 
145 197 201 308 487 577 640 675 826 860 878 
12 205 329 401 403 419 489 765 883 952 
1 8 48 204 319 349 494 578 606 678 881 975 
12 39 132 181 633 906 
90 120 274 309 510 521 620 639 793 855 
2 55 217 226 264 394 467 487 510 572 766 826 846 883 
1 27 43 51 440 494 517 620 647 705 883 893 982 
17 161 320 346 388 517 536 620 763 774 798 829 
19 52 100 368 438 510 538 598 612 735 746 810 941 966 
48 55 108 120 126 156 294 361 496 626 680 744 828 878 
335 692 722 963 
171 185 405 438 471 486 503 638 674 678 707 745 953 960 982 
281 357 368 455 460 749 
140 217 438 544 546 661 740 914 923 
54 69 100 183 242 279 362 471 581 617 631 651 758 766 831 910 964 966 
33 57 68 151 196 217 266 283 321 334 343 346 368 387 515 610 713 722 937 988 
283 392 407 527 684 778 846 862 906 
58 72 96 115 183 368 450 513 533 541 594 642 919 937 
48 116 128 176 280 319 352 368 527 529 595 676 692 720 763 
41 69 112 362 368 381 392 395 413 563 779 829 854 895 
116 128 176 280 507 529 533 610 692 722 763 789 813 
32 285 327 469 722 795 810 947 
75 105 129 355 438 494 684 692 815 862 944 
429 440 492 526 766 782 832 854 
72 73 314 470 526 534 591 676 832 970 
97 120 438 483 509 513 840 
118 151 266 470 486 583 701 889 914 939 988 
74 529 703 800 809 881 
1 48 537 660 682 818 841 
80 198 354 429 505 853 883 910 
14 140 160 279 568 581 653 785 887 966 
33 217 234 239 283 346 419 782 804 867 904 919 
52 598 789 829 854 899 
78 227 332 427 461 495 548 576 738 789 835 
35 249 326 378 403 443 526 601 722 733 774 888 950 
78 116 183 236 541 661 673 676 720 780 909 980 
0 37 57 78 147 173 538 577 634 710 731 736 738 812 814 844 851 
173 320 351 464 610 634 722 921 
161 259 299 521 561 569 878 958 
205 210 308 406 424 789 829 
75 161 242 471 574 595 758 775 789 
86 205 309 494 529 640 683 763 867 944 964 
8 18 229 234 242 336 758 871 
17 32 206 236 240 350 511 541 742 758 766 832 857 956 
114 321 387 390 395 423 557 567 691 707 824 829 854 867 913 943 
70 73 196 544 633 684 740 765 809 819 914 
32 64 68 142 242 471 516 529 593 655 744 758 775 815 
28 145 157 274 346 419 517 735 742 809 
27 58 129 354 357 477 480 487 752 928 
56 193 208 290 311 318 339 346 458 477 504 561 605 645 663 694 775 862 888 969 
28 145 157 274 346 347 402 577 722 735 742 804 809 
438 516 523 594 733 795 998 
126 188 220 318 381 411 413 634 788 956 
44 89 183 198 204 518 797 798 910 932 
90 191 209 267 276 329 339 411 426 440 803 825 914 
120 368 470 494 682 828 883 910 
78 447 460 529 797 859 
75 240 262 470 597 
494 541 631 963 
414 513 522 795 805 914 
102 112 125 162 489 568 657 798 805 876 
70 125 132 281 349 367 494 688 690 789 
151 183 204 275 322 343 620 797 803 
69 130 220 279 362 516 653 914 995 
477 854 
32 193 197 401 577 989 
55 105 108 156 215 294 481 482 487 494 738 815 824 862 919 944 
51 387 392 461 569 578 651 801 862 
177 188 303 390 490 579 581 706 716 722 804 981 
70 125 281 329 407 419 486 494 572 690 718 765 914 
43 52 196 350 368 494 548 556 641 682 815 844 876 
263 283 432 456 470 486 544 550 769 886 949 
278 279 322 368 413 515 602 682 697 797 
214 279 354 428 504 826 956 
225 616 641 661 692 697 722 749 893 919 948 991 
11 26 104 143 315 470 522 534 682 793 995 
94 217 272 276 299 346 413 527 620 783 837 
41 383 388 405 477 500 538 581 630 631 687 749 945 
120 204 229 236 276 319 423 500 516 712 744 883 
54 75 145 295 354 355 422 438 487 529 571 597 600 684 687 738 885 
31 86 125 143 298 381 417 701 707 736 895 934 
73 173 203 844 891 
86 296 309 362 438 494 598 640 683 722 752 778 780 825 964 
145 154 507 674 804 815 983 998 
18 116 274 276 401 486 554 652 694 886 918 
68 210 227 378 449 692 696 789 829 839 946 
75 167 308 314 548 718 775 949 
205 214 373 504 529 567 597 598 638 639 939 956 
116 154 215 329 354 395 411 487 517 522 618 631 688 722 838 874 
73 173 207 382 950 
12 578 677 744 782 841 868 
98 140 164 258 270 489 630 804 825 832 983 
17 217 234 290 368 419 494 682 
71 706 846 
28 145 157 274 346 735 742 809 
12 68 346 378 449 674 682 686 692 712 774 839 883 918 
178 268 308 580 652 798 862 919 
21 385 529 591 722 735 812 829 
11 116 140 470 534 633 692 793 995 
12 120 132 638 885 
296 460 490 856 906 
8 55 69 254 489 744 746 775 833 910 963 
41 116 208 354 470 541 544 590 606 966 
150 204 236 364 524 573 775 826 852 906 922 
31 116 155 419 548 571 579 595 673 721 885 
170 477 487 722 752 814 926 928 
38 259 325 622 640 692 722 736 758 766 806 825 876 879 886 890 
72 183 192 366 487 638 641 652 674 720 798 888 889 895 935 
405 438 472 477 630 682 844 846 883 937 
130 205 274 368 392 460 489 538 820 
120 132 151 275 322 343 354 620 655 680 803 828 983 
72 229 234 343 427 430 569 573 707 867 897 967 984 
17 283 296 362 368 387 574 663 709 829 966 988 
94 192 274 327 350 699 759 795 
45 71 175 208 224 239 290 458 888 910 969 
144 151 307 351 403 474 574 605 780 789 935 966 
523 
4 35 85 122 242 392 468 558 801 862 919 
21 57 111 145 175 396 413 438 470 548 576 614 658 686 752 775 862 973 988 
93 97 368 489 661 720 744 780 789 833 
23 86 113 239 280 354 395 581 602 697 888 
32 55 108 156 157 294 470 516 719 744 810 960 
21 38 57 217 290 327 362 419 611 699 918 
75 140 155 177 430 447 829 
32 296 348 362 368 516 561 598 687 744 912 
16 177 347 358 402 450 577 604 722 784 804 944 947 
168 177 332 492 548 600 684 709 766 984 
94 163 401 428 684 784 854 
112 300 442 450 459 675 701 883 921 
90 120 309 510 620 793 
145 295 509 525 541 591 673 744 844 
78 94 129 132 198 644 688 922 926 
1 112 183 304 514 529 766 800 831 
25 31 115 304 387 730 744 789 798 837 843 975 
72 170 258 268 351 545 548 606 616 681 749 814 838 841 926 
175 229 311 812 832 834 975 
4 43 51 147 373 392 489 620 705 716 807 
58 175 177 498 560 597 762 766 790 795 894 910 911 960 
18 217 371 395 401 554 684 687 824 886 918 
43 51 509 569 611 620 705 
28 45 82 116 143 283 378 511 534 537 673 832 989 
530 675 746 788 855 956 
12 38 100 108 205 231 281 401 438 489 523 735 746 883 966 
197 242 273 279 392 489 764 878 
72 270 295 529 541 585 600 614 658 709 937 947 970 
32 72 278 285 520 775 822 832 947 970 
167 280 325 368 408 546 578 598 622 692 736 774 905 918 970 
280 346 390 427 494 789 800 874 966 998 
8 181 209 316 321 345 347 357 392 419 489 563 580 665 807 839 914 919 984 
97 120 249 266 438 483 509 513 597 658 840 890 
12 227 259 350 368 390 653 782 841 887 
52 57 93 97 321 397 471 510 538 612 678 789 840 941 
5 28 72 143 239 278 283 348 520 775 822 832 970 984 
145 354 422 487 530 600 885 
75 110 151 351 355 438 605 684 780 935 
2 140 205 234 319 333 351 406 550 605 631 769 789 941 958 
75 208 212 458 753 800 
265 280 362 510 512 529 653 684 691 707 722 805 867 943 
1 54 140 183 283 447 461 944 998 
12 39 132 181 494 562 633 714 906 998 
27 52 469 593 653 661 733 845 900 918 921 938 
6 32 162 170 401 460 472 529 567 598 
62 155 165 279 419 571 579 581 
132 276 298 303 318 849 992 
154 168 262 272 294 352 436 628 708 853 883 978 
68 98 364 385 505 598 660 699 928 946 
66 144 335 439 509 523 815 884 900 937 
7 97 120 147 183 256 412 419 440 606 740 766 829 832 854 975 
177 236 373 377 423 560 653 660 744 788 886 894 911 
33 54 178 217 242 268 280 283 346 354 357 512 515 662 688 918 919 937 
82 313 406 421 438 629 
73 78 110 214 266 279 286 461 682 710 774 883 887 888 948 
3 145 279 508 618 
151 275 322 343 494 620 682 803 
12 25 39 231 350 449 500 524 854 867 871 876 888 970 
571 623 795 853 
58 242 332 383 421 460 489 538 634 651 661 858 890 
157 185 186 265 276 419 471 500 581 590 678 738 752 769 895 960 
78 215 218 368 438 460 494 682 687 693 765 843 883 923 
279 661 753 779 821 937 960 
32 39 55 264 580 766 871 947 988 
234 419 797 904 
25 163 190 581 782 890 898 
6 111 177 450 494 507 541 558 560 653 670 774 894 911 
217 546 605 661 682 775 799 825 918 923 947 
73 151 383 578 692 775 
6 120 130 132 274 298 318 415 432 528 631 638 676 707 828 849 913 967 
70 120 171 419 529 598 623 745 782 830 859 
101 147 229 657 778 903 
8 36 194 274 424 429 574 704 782 854 884 899 981 
21 57 116 145 186 381 461 492 523 632 706 777 778 865 893 
8 12 69 314 405 438 509 538 618 638 674 746 870 953 963 
38 46 93 252 283 368 735 785 792 844 854 899 901 
73 177 196 600 633 709 809 865 970 
27 32 43 120 132 241 285 318 350 354 494 517 567 647 849 883 893 947 982 
81 145 175 186 461 471 554 659 718 782 797 832 834 975 
25 52 75 104 332 334 381 438 598 614 642 730 778 780 941 
12 93 97 227 390 571 623 722 795 853 
321 383 397 460 471 678 840 867 
73 118 162 170 274 310 401 449 
139 315 484 494 692 825 845 997 
115 205 242 279 374 392 422 489 764 919 
126 645 800 998 
239 448 540 674 887 914 
6 10 15 296 335 368 450 487 494 507 829 883 
32 55 75 93 111 188 275 276 325 381 460 500 522 590 595 597 598 775 
388 401 448 538 720 742 758 789 878 887 975 
78 177 252 259 775 781 912 913 
140 180 346 413 424 456 510 516 763 766 830 876 995 
150 204 236 561 758 826 852 906 914 919 
308 652 682 
48 145 160 480 496 563 580 626 688 795 963 
11 85 120 177 205 449 470 534 604 784 793 947 995 
12 132 187 214 283 285 354 423 548 550 624 
6 561 676 798 862 
73 118 274 310 449 490 981 
345 401 525 571 658 
90 112 185 309 461 510 521 571 620 623 675 793 795 829 853 914 
350 414 511 691 832 857 944 
114 308 309 368 658 661 665 682 
90 120 309 331 335 378 440 443 509 510 601 617 620 639 687 690 720 793 888 992 
43 161 258 290 350 436 556 611 686 943 
6 32 70 471 472 678 684 765 819 854 899 
105 239 471 494 504 663 815 860 862 871 932 944 
33 217 283 515 
52 296 368 598 665 829 
41 55 383 538 687 749 825 876 879 914 946 
57 125 129 192 308 368 487 518 620 638 888 935 937 
8 122 161 196 300 343 390 535 548 550 628 675 792 841 858 949 989 
400 758 866 895 
151 210 440 477 740 
347 402 577 722 804 
78 183 279 489 548 634 676 909 980 
78 177 411 484 571 623 720 758 775 781 795 853 862 
97 120 370 438 483 509 513 797 840 923 932 947 977 
120 294 388 392 401 512 724 742 758 789 984 
54 69 100 161 362 424 617 910 
37 54 68 512 529 548 573 653 736 758 809 811 814 829 844 
183 229 239 280 296 390 456 460 469 510 558 670 774 841 874 885 948 956 966 
78 154 183 197 381 676 844 878 909 980 
139 164 170 213 225 494 500 575 738 782 
45 71 110 175 217 224 239 414 494 546 573 661 707 829 867 910 923 935 947 
120 136 175 193 350 567 585 597 766 843 884 893 910 925 948 960 
31 32 93 472 789 966 
332 362 414 469 513 548 844 991 
175 735 792 832 834 901 975 
236 423 516 744 
39 93 97 100 368 438 470 735 746 966 
39 308 368 424 470 518 523 574 
3 39 471 507 580 618 758 789 829 832 871 895 988 
38 279 438 638 933 953 
82 140 319 385 396 523 530 537 561 605 703 769 788 883 944 
296 362 598 797 825 923 932 947 977 
57 268 281 368 614 652 720 
234 336 411 710 763 867 885 
54 59 183 265 283 614 763 778 794 820 923 
171 227 289 459 462 541 674 675 701 921 946 964 
132 161 197 236 423 471 516 697 719 744 803 975 981 982 
139 217 296 438 540 546 608 661 790 829 923 947 966 
45 263 419 456 565 665 740 769 
66 85 136 185 239 471 486 546 568 663 665 720 871 878 886 901 
68 198 378 449 530 569 673 692 775 799 839 918 
38 43 51 71 145 252 283 290 460 477 496 526 620 626 703 705 800 903 944 
10 33 217 283 346 459 515 675 701 921 
139 164 177 213 225 263 368 413 456 550 682 782 886 946 
11 73 470 472 494 534 541 631 793 805 844 963 995 
12 48 55 85 205 373 379 438 597 618 738 914 
83 167 427 675 949 
12 72 205 270 295 401 480 489 541 585 688 708 841 874 883 937 947 
85 105 205 494 525 634 658 862 
277 450 468 632 692 825 913 
51 72 115 136 140 304 383 460 541 774 858 883 949 
72 111 210 349 354 778 888 
0 81 93 162 173 234 268 362 413 507 568 710 718 731 797 798 805 994 998 
71 145 187 326 629 686 841 973 
4 12 15 43 51 90 140 170 377 430 460 550 579 620 632 705 886 935 
10 145 161 241 361 388 406 438 459 510 597 605 675 701 921 
100 132 368 438 688 735 746 869 888 960 
48 75 145 160 325 538 580 595 639 701 775 795 805 963 
167 296 368 450 829 919 937 949 
7 52 72 427 469 529 593 653 661 774 918 
97 373 473 493 541 831 895 944 
162 170 208 290 401 458 460 569 888 969 
39 46 350 521 844 970 
120 136 226 280 481 538 546 568 665 722 809 878 981 
170 529 548 598 782 814 926 
177 489 604 692 749 784 893 947 991 
12 51 57 140 145 227 368 390 494 658 682 722 937 
78 177 259 273 775 781 825 988 
33 140 217 283 346 377 515 935 
12 132 145 350 782 795 841 846 967 
56 401 571 663 679 694 775 862 897 
105 117 332 362 469 887 991 
57 75 325 361 381 595 775 789 829 
22 240 328 448 538 618 639 689 834 967 
143 460 481 592 611 919 
242 266 437 448 471 509 540 623 890 949 
37 154 375 381 401 577 600 706 812 844 919 964 992 
88 177 255 571 574 702 713 759 859 890 956 
45 46 116 199 378 431 526 534 673 824 989 
70 110 120 207 574 623 789 798 826 
1 8 48 75 212 349 578 753 800 881 
57 90 168 368 620 766 784 789 885 937 
4 151 265 275 283 343 373 415 620 676 716 803 913 
8 78 183 422 496 626 676 823 909 918 980 
78 85 151 447 460 529 797 859 945 982 
90 198 217 395 579 581 940 941 966 
48 52 173 240 469 596 649 677 684 706 744 809 868 885 
145 183 197 204 308 348 797 878 984 
160 653 722 887 995 
4 39 201 258 283 350 430 663 755 778 859 970 988 989 
415 631 676 735 780 913 946 
3 70 145 279 296 508 738 
27 58 354 357 480 489 744 752 833 
8 170 214 324 346 692 749 750 858 893 991 
39 114 177 306 309 580 692 832 871 988 
183 366 674 720 
151 332 381 401 419 460 548 738 777 835 
17 68 70 394 419 606 684 765 774 819 854 864 966 975 992 
1 54 183 185 283 335 509 675 884 937 998 
12 227 390 422 449 722 895 
48 75 145 240 262 470 580 597 677 744 795 797 868 963 
55 175 199 327 641 697 699 952 
172 177 259 470 753 778 966 
5 104 198 429 505 529 591 853 883 910 
4 71 98 276 279 478 489 766 852 853 
41 73 116 208 276 314 403 500 526 541 590 591 606 676 695 
39 280 342 580 832 871 932 988 
73 151 274 310 322 343 449 620 803 
165 175 569 718 732 752 857 922 
55 57 120 136 268 538 546 568 652 665 878 981 
83 296 368 427 675 766 829 949 
132 617 624 798 826 919 966 
6 73 326 334 343 450 474 638 686 766 943 989 
276 299 413 414 513 634 715 783 795 809 837 914 942 
39 128 470 486 704 825 
145 173 308 596 630 789 809 919 
21 38 57 362 611 918 
73 115 166 423 572 843 984 998 
8 39 69 116 125 296 334 362 598 645 653 704 740 746 800 825 829 998 
116 252 368 526 561 673 687 989 
26 183 204 292 294 707 710 755 797 846 
18 105 183 429 480 494 766 815 831 862 944 
216 387 409 485 692 789 798 998 
6 112 381 415 552 790 795 
90 97 120 170 437 438 483 509 513 620 675 840 885 886 
53 325 373 459 595 611 651 701 775 829 835 921 
266 277 385 460 464 471 523 538 678 684 766 923 944 
35 78 177 279 307 368 397 537 574 720 775 781 
276 886 
105 135 140 414 468 494 630 815 829 862 935 944 
183 766 831 
68 127 151 161 334 348 378 427 449 470 494 569 692 839 912 
78 218 262 294 352 401 438 460 671 708 853 883 923 978 
217 394 487 510 
177 335 394 509 561 820 884 937 
39 93 145 283 475 489 538 649 674 874 921 932 
110 151 351 605 780 935 
177 186 204 265 334 490 703 895 981 
69 121 480 520 708 795 827 841 874 
527 
17 35 43 236 240 440 472 537 541 956 
35 300 536 735 792 901 920 949 
205 214 276 299 306 328 354 413 482 504 593 634 783 837 942 956 
54 172 280 354 512 662 778 918 966 
35 122 718 723 
72 231 239 278 520 548 574 775 822 832 895 970 
48 319 352 368 527 529 595 676 720 
141 145 263 308 401 456 489 540 550 571 679 682 769 886 
242 279 381 392 461 489 569 758 764 766 801 812 844 862 
12 45 120 132 307 453 541 638 789 834 884 885 920 931 937 975 
173 236 478 574 684 777 789 887 
183 349 351 464 571 623 634 766 795 853 
205 308 421 424 750 899 
45 116 190 378 534 673 763 850 883 988 989 
54 210 335 354 620 722 854 867 963 966 
68 177 217 310 334 343 600 709 713 722 970 
7 45 46 51 93 185 438 494 510 682 838 883 
167 692 749 893 949 991 
5 313 357 390 403 452 653 692 708 886 
110 207 259 438 453 496 798 826 
383 460 494 704 858 884 998 
78 126 157 183 207 470 477 579 593 658 659 676 719 810 812 832 909 960 980 
12 120 132 370 427 528 638 797 885 897 923 932 947 977 
177 579 648 745 934 
17 85 161 205 346 388 392 489 558 632 774 
71 140 172 355 364 414 775 829 935 947 
516 523 733 946 998 
27 44 120 177 214 266 684 687 798 879 910 
169 197 227 321 351 390 477 548 820 831 854 975 
71 177 210 348 522 579 617 648 676 745 789 885 912 914 934 
168 214 279 298 350 362 766 933 956 
120 171 214 227 266 289 462 541 571 623 674 795 946 964 
21 25 38 52 78 163 205 558 648 730 751 914 
3 75 110 120 136 325 381 432 449 471 480 538 546 568 591 595 665 744 775 829 878 960 981 
300 364 442 699 946 
8 168 397 467 507 684 690 826 885 911 
72 93 97 239 278 520 775 789 822 832 970 
606 630 722 774 883 
69 112 326 362 403 521 526 563 749 774 950 
71 207 236 285 342 368 403 477 489 530 736 932 950 
168 332 334 477 548 663 684 720 766 921 
21 188 413 569 766 793 857 
43 262 294 352 522 565 617 708 853 859 883 978 
68 70 125 281 494 690 928 
51 208 290 458 631 663 723 969 998 
21 43 51 161 335 413 509 620 705 793 884 937 
45 120 256 412 740 769 829 883 896 999 
33 57 127 196 224 661 674 814 846 966 
326 403 526 710 722 774 950 
66 85 423 567 675 824 886 913 967 
101 147 229 275 641 657 684 778 903 
162 206 289 372 480 494 510 541 591 631 682 802 844 851 963 
236 364 524 573 922 943 
192 217 419 487 638 888 890 935 
90 177 613 828 
71 204 236 319 440 472 477 489 736 
141 448 489 538 606 630 682 704 780 878 883 884 887 
12 41 120 207 294 315 392 474 512 724 
154 168 198 272 436 530 628 673 
21 210 307 338 385 735 966 991 
105 129 140 322 494 651 766 815 862 944 
174 241 290 412 631 665 692 766 900 950 
276 299 413 634 783 837 942 
132 204 227 236 319 569 580 795 914 
21 78 163 347 402 577 722 751 804 
45 55 140 177 309 409 438 614 663 692 
39 128 170 214 324 332 346 354 358 694 710 750 763 867 871 
33 90 140 170 217 283 346 472 515 568 785 844 886 966 
46 174 183 204 229 401 481 509 581 631 684 758 797 868 937 
314 405 428 439 526 591 630 676 883 
8 72 326 343 460 648 686 766 885 943 
32 37 94 285 401 428 605 684 784 826 921 947 
28 132 349 628 661 
28 347 395 400 402 419 577 665 722 793 804 874 984 
51 217 631 663 723 800 914 998 
17 45 71 175 212 224 236 239 240 327 362 419 471 541 663 694 699 871 910 919 956 
175 304 511 579 581 608 792 966 
73 510 591 603 684 936 961 
185 283 369 392 407 471 527 678 684 778 846 862 906 960 
2 57 120 170 214 256 346 412 577 740 750 812 829 851 
277 793 914 984 
0 53 242 265 283 368 388 401 471 692 742 752 758 789 852 964 
32 38 193 197 319 401 522 577 588 803 989 
32 206 742 
118 274 301 335 347 362 381 455 489 521 522 622 639 826 930 
147 204 347 561 651 697 897 
130 212 274 296 419 460 558 581 670 675 752 774 820 906 
27 58 231 354 357 390 438 480 548 752 778 780 895 
209 267 296 329 411 440 722 803 
28 38 57 239 362 569 611 627 705 918 
68 73 115 116 166 196 516 525 580 608 672 686 916 935 984 
175 494 521 569 614 641 723 
70 120 279 438 561 581 623 758 914 919 
32 155 177 430 447 775 
78 94 129 198 258 298 362 522 591 644 682 744 752 922 926 
18 115 140 234 237 242 336 775 896 
261 318 585 983 
347 419 665 793 914 984 
32 217 298 546 608 661 673 676 897 923 947 
70 541 631 798 805 862 963 
327 394 469 507 684 722 795 810 893 947 
21 78 163 529 751 
228 500 511 760 871 874 888 982 
3 112 289 335 440 617 623 687 883 946 
48 319 352 368 527 529 595 676 720 
450 919 937 
118 301 362 489 522 622 930 
174 350 411 461 572 579 842 
883 978 
283 392 407 527 684 778 846 862 906 
75 217 355 394 487 510 684 
370 797 923 932 947 977 
25 33 175 217 283 346 363 424 515 597 706 766 815 910 918 960 
24 38 280 387 518 571 672 915 
51 108 114 156 177 218 294 348 368 490 510 735 795 843 888 918 946 
70 80 328 354 369 482 541 684 819 
64 183 204 384 708 749 797 857 864 883 937 954 964 978 
32 298 422 449 460 487 577 608 676 826 860 895 897 
403 477 591 695 
1 66 314 470 523 682 774 823 874 883 884 980 
39 81 554 580 659 718 797 832 854 871 899 988 
70 72 125 270 281 295 494 529 541 585 690 937 947 
39 196 383 470 662 704 825 
31 103 125 343 653 
43 46 51 58 183 215 216 242 620 628 687 693 705 765 833 899 956 
188 296 335 440 460 617 675 687 690 706 716 760 804 886 
296 422 449 460 675 895 
151 432 504 830 890 
95 116 154 183 354 368 517 653 722 766 831 
39 132 145 419 436 502 563 839 897 
41 862 893 
38 181 450 620 758 769 811 
68 217 334 343 713 722 
32 529 631 813 920 
5 343 354 487 855 
12 39 132 181 226 234 368 494 562 629 633 682 797 906 
29 71 336 354 388 401 509 593 597 742 758 789 846 883 921 989 
145 161 194 569 574 686 973 
54 85 112 196 529 561 567 598 762 859 893 
17 51 70 204 373 377 541 634 639 684 722 765 819 
661 919 
110 368 678 734 795 983 995 
177 326 469 628 841 885 946 948 
31 115 304 387 631 735 780 789 798 837 843 
28 224 239 381 521 627 705 992 
150 204 236 329 403 765 826 852 906 952 
10 203 366 373 589 660 688 720 788 792 886 
290 458 684 687 775 824 888 969 
18 39 41 112 234 242 336 468 682 704 825 
120 471 663 746 766 841 871 
414 829 935 
12 120 132 181 333 422 531 638 798 885 998 
72 140 155 157 368 447 461 581 
285 313 354 368 377 419 692 824 829 871 918 956 
589 720 792 830 857 937 954 964 
44 132 352 460 687 798 826 910 919 939 
4 239 373 486 710 716 804 919 982 
38 71 98 252 283 526 598 928 
277 334 450 468 632 692 825 913 
73 160 162 196 216 684 738 820 823 975 
27 115 277 450 468 605 632 692 825 
171 240 392 461 569 598 801 862 982 991 
28 145 157 274 346 735 742 809 
158 354 563 583 617 618 673 885 
32 196 298 354 460 608 676 897 
75 93 308 314 350 487 548 608 775 952 
24 32 38 82 110 112 387 450 537 660 798 826 883 915 
18 371 394 401 554 886 918 981 992 
41 116 183 208 298 366 381 414 541 590 606 
1 54 78 183 283 427 461 576 944 998 
170 242 354 470 471 544 735 758 792 814 899 901 926 966 
167 411 561 800 829 949 
70 120 458 531 697 746 766 805 841 897 921 
427 471 575 594 673 785 
6 27 31 32 75 115 325 472 595 605 775 818 966 
105 110 196 368 494 734 795 815 820 823 862 944 975 983 995 
45 398 440 568 769 883 896 953 999 
164 213 236 261 408 474 546 814 829 900 918 970 
120 241 350 354 407 440 486 567 718 832 914 
126 319 480 499 525 639 743 745 765 782 916 
8 516 523 733 998 
177 310 600 704 709 884 970 
90 97 120 175 309 348 494 510 541 620 738 765 793 831 862 895 
12 15 21 210 338 385 460 464 538 550 632 735 
155 419 571 579 661 720 780 
8 71 177 438 486 604 684 766 784 947 958 
6 35 69 132 183 215 366 450 475 676 688 720 812 980 
116 138 307 486 496 503 509 569 611 626 660 673 710 982 
170 214 324 346 440 507 533 750 789 809 964 
1 54 183 283 394 487 510 944 998 
39 40 350 361 377 453 477 500 526 788 
217 346 561 888 
105 120 129 256 412 494 689 740 815 829 862 944 
38 93 102 283 438 540 602 663 779 888 
145 161 186 192 217 274 350 419 461 529 759 782 851 
173 177 574 596 630 708 713 759 789 809 883 919 978 
27 129 177 263 456 550 597 689 692 769 879 886 
66 85 675 886 967 
182 229 276 328 417 471 482 529 650 663 
68 155 159 205 217 334 343 409 675 713 722 937 944 
32 494 593 623 720 893 942 949 
69 112 236 362 500 563 871 874 914 
21 130 274 413 423 432 521 528 749 793 823 857 967 
38 78 93 145 178 217 347 354 422 487 522 534 576 577 600 805 829 885 
31 82 112 228 422 453 511 526 561 571 623 720 760 795 853 982 
143 460 472 481 844 919 
5 28 143 276 283 368 373 653 687 782 832 914 
131 236 240 242 247 354 424 501 541 554 956 
168 432 492 792 982 
8 23 28 86 120 280 349 395 510 606 623 671 807 835 
140 319 605 618 703 769 800 914 
39 43 227 231 390 440 548 722 895 
177 318 413 579 648 745 788 934 956 
172 177 310 407 529 600 639 709 902 970 
90 198 940 941 
10 110 112 449 466 471 489 521 829 893 914 938 960 
242 261 471 474 563 618 663 673 871 886 893 
6 32 48 126 177 361 440 472 574 713 759 766 832 878 
39 236 617 704 814 825 829 900 
6 31 32 472 818 966 
72 90 111 120 210 309 349 354 510 529 620 675 778 793 855 888 
21 32 57 64 175 275 285 384 605 832 834 864 947 975 982 984 
27 173 177 529 596 597 630 649 789 809 813 879 919 
25 48 94 144 171 231 277 334 403 419 474 524 707 745 793 795 914 984 
216 517 536 610 611 692 763 787 800 829 
10 192 285 711 871 
27 58 331 335 354 357 480 509 512 529 639 653 720 752 992 
21 38 57 345 362 401 424 458 531 571 574 611 918 
93 97 157 196 470 659 719 810 960 
6 236 326 634 676 682 785 
1 54 69 100 183 283 362 617 910 944 998 
38 71 181 252 283 392 489 526 807 
58 167 206 421 651 742 949 
186 378 419 450 601 688 854 888 895 899 956 
145 207 285 447 529 594 706 804 809 849 902 919 950 983 
27 32 177 285 345 401 529 571 597 598 782 879 947 
322 326 403 526 694 722 774 897 950 
54 75 140 192 275 305 368 447 471 829 935 944 
39 217 227 546 661 704 789 825 923 947 
217 346 480 561 743 745 888 
51 100 140 145 239 347 402 540 577 722 769 794 804 919 973 
27 100 217 368 438 735 746 892 966 
33 52 114 217 283 309 346 368 515 598 658 661 665 682 
368 622 736 
22 234 276 489 947 
44 120 197 214 266 578 651 687 798 910 975 
55 100 103 362 460 616 638 681 722 797 838 
78 85 94 111 129 198 249 415 644 653 706 922 926 933 
12 112 205 401 489 538 713 819 883 
108 204 205 210 315 397 474 844 
6 32 145 295 334 472 509 525 538 541 645 694 763 844 941 
69 285 871 
118 279 385 398 553 684 693 701 844 946 967 989 
75 205 207 285 403 419 450 461 529 641 797 829 896 950 956 
5 6 32 71 210 352 472 522 617 885 937 
217 438 546 661 778 780 923 947 
6 32 71 192 236 472 736 935 
151 296 332 548 609 738 835 
93 162 177 373 379 474 493 529 862 899 909 
234 296 348 355 400 490 649 712 735 758 829 843 866 888 895 
100 217 290 362 419 616 681 838 
75 308 314 487 548 718 775 834 
112 471 663 871 914 
145 400 423 686 722 758 866 895 973 
2 21 52 145 334 499 538 676 792 911 
234 310 630 939 991 
44 72 110 115 158 207 354 489 541 583 617 792 798 825 826 879 885 
18 217 371 395 401 554 886 918 
180 583 687 722 766 784 
127 151 161 334 427 470 494 
242 279 392 489 764 
21 38 39 362 611 704 825 918 
12 93 97 246 569 578 610 651 674 682 686 689 722 789 844 918 
197 207 285 606 630 774 883 950 975 
16 72 111 163 201 210 349 354 358 450 507 778 854 888 944 998 
75 205 207 285 403 461 529 763 829 830 896 950 
27 55 108 156 177 396 438 470 529 548 591 597 704 879 884 988 
7 58 161 368 401 419 498 571 573 580 606 623 762 790 795 853 854 964 975 
32 41 97 112 120 285 396 438 468 470 483 509 513 548 682 840 947 988 
95 159 722 966 
41 57 120 377 474 526 578 597 746 766 775 841 
175 183 494 496 614 626 630 641 651 723 771 
8 11 95 225 374 422 470 534 722 729 793 823 918 948 952 995 
140 177 319 490 605 675 682 704 769 844 884 925 975 981 
21 197 413 578 775 793 857 975 
16 168 201 332 334 358 450 477 548 684 766 944 
145 214 354 504 529 598 782 956 
17 236 240 408 541 546 631 735 780 918 956 970 
111 120 655 680 828 
94 112 125 129 308 315 429 518 522 561 620 682 829 
75 112 275 303 311 390 838 
31 33 127 448 494 538 661 771 780 846 878 887 
39 129 140 322 368 470 651 766 
480 743 745 782 
6 31 32 150 204 236 472 818 826 852 906 966 
82 208 313 406 438 526 529 530 573 629 631 674 675 735 766 780 855 
274 351 486 766 820 
32 43 51 80 129 335 509 521 620 704 705 884 937 944 
186 265 392 461 569 758 766 801 862 895 
177 326 343 415 480 686 732 766 933 943 982 
12 70 78 85 227 390 447 460 529 722 797 805 859 
52 469 593 653 661 774 918 
48 120 319 352 368 438 527 529 595 655 676 680 720 778 780 828 
94 120 208 256 290 412 740 795 829 888 969 
54 71 105 175 210 494 614 618 641 723 854 918 964 966 982 
94 112 120 168 241 350 429 567 766 874 885 893 
4 29 31 39 145 339 704 825 
145 208 706 888 902 969 
27 78 177 259 440 494 517 529 647 775 781 851 883 893 982 
112 285 387 499 511 594 614 720 981 992 
21 57 154 170 328 548 661 720 780 789 814 862 899 906 926 
45 71 175 224 239 339 606 692 893 910 950 991 
69 140 242 377 471 758 803 860 921 935 
21 57 90 120 145 161 242 279 309 392 489 510 620 638 764 793 913 
205 276 299 368 413 460 538 634 783 942 
118 301 362 489 522 529 622 813 930 
21 97 120 210 338 385 438 483 509 513 735 840 
94 141 336 428 489 509 540 585 606 682 
93 162 177 205 285 368 373 377 460 474 493 538 824 918 956 
217 362 438 546 567 661 919 923 947 
150 168 204 236 766 803 826 852 860 874 885 
27 265 283 422 862 
38 39 249 319 522 588 647 658 692 970 
39 177 350 560 894 911 970 
177 322 569 574 694 713 718 732 759 897 
38 71 172 252 283 526 778 966 
55 196 198 252 264 498 529 544 572 740 766 913 914 
279 329 373 395 411 529 591 618 631 716 826 874 
4 40 346 361 373 427 477 500 523 716 788 789 800 871 
45 55 177 309 614 692 
215 437 487 522 620 688 800 838 885 
75 268 355 438 684 763 778 789 853 944 
114 129 175 275 441 480 680 689 692 710 740 767 782 914 919 
45 71 175 224 239 259 882 910 937 956 
145 177 180 186 205 217 258 285 461 529 782 785 891 944 946 
104 332 381 598 614 661 682 753 774 821 960 
7 276 299 413 419 606 634 684 765 783 819 837 854 942 975 
78 229 283 311 413 427 461 469 576 795 812 846 919 
33 177 274 405 573 740 883 
329 395 411 618 631 874 
17 236 240 541 956 
419 494 701 722 815 862 944 
67 631 692 735 746 780 797 966 
4 35 115 242 392 419 424 429 468 480 516 766 782 801 862 
78 100 183 349 443 487 541 676 909 980 
35 93 151 290 412 631 665 785 844 900 
25 48 49 72 140 145 160 580 672 720 795 832 935 963 970 
274 328 448 538 834 
173 216 596 610 611 630 649 684 692 706 787 789 800 809 885 919 
75 100 395 448 487 513 529 557 564 641 801 909 914 949 
51 114 218 236 354 368 510 558 670 711 774 778 795 918 928 
44 175 183 366 471 597 663 674 720 766 825 871 910 960 
54 71 158 306 408 509 569 642 784 937 964 982 
163 351 427 477 608 766 800 820 854 859 972 
5 31 125 161 385 396 424 478 561 593 661 753 805 883 894 944 960 
150 181 204 236 342 419 421 826 852 906 913 
39 120 350 396 438 470 548 628 720 766 914 938 964 970 988 
38 122 158 172 354 583 617 885 893 
12 168 227 332 477 548 684 722 
120 181 333 798 998 
95 110 145 147 207 266 401 797 798 826 833 899 938 
78 85 167 280 447 460 529 578 598 774 797 859 905 
39 72 265 268 350 351 368 470 545 606 612 749 841 
59 116 125 197 333 408 509 653 675 
8 177 310 579 581 600 709 789 895 966 970 
32 279 285 349 468 553 602 744 888 946 947 960 989 
276 468 960 
110 178 207 234 336 347 411 534 795 798 826 846 885 
40 192 236 274 308 331 350 361 364 477 500 558 684 699 759 946 
25 163 190 276 342 500 581 782 890 898 
122 161 181 343 390 392 535 675 807 
6 17 236 240 450 507 541 663 704 720 884 921 956 
28 239 362 368 510 521 553 617 627 684 705 722 789 829 943 
37 54 68 95 145 266 401 438 758 814 833 906 981 
39 368 594 785 
32 217 494 593 623 720 893 927 949 
6 32 385 460 472 529 598 684 782 923 
100 332 526 569 602 
176 227 390 405 428 581 618 651 800 810 826 871 949 
427 673 
240 274 328 490 538 712 759 834 854 856 906 
43 222 275 403 411 419 569 574 684 686 827 844 
112 132 157 264 470 591 659 688 710 719 744 810 960 967 
368 561 758 914 919 
120 175 183 263 456 550 746 766 769 831 832 834 841 975 
70 85 205 259 368 523 653 778 
27 440 494 517 647 893 
112 276 285 468 499 511 594 614 720 960 
78 94 129 198 385 460 644 684 922 923 926 
141 229 351 423 489 521 540 678 682 741 749 760 823 985 
41 54 85 130 541 592 611 634 676 762 793 859 
69 97 112 120 362 438 483 509 513 563 579 840 966 
177 274 521 574 639 713 759 855 
0 93 276 368 687 768 782 852 878 914 
145 151 168 181 257 348 686 845 874 938 973 
66 85 120 675 746 766 841 886 967 
214 343 401 494 647 658 782 883 947 979 
12 151 154 328 332 449 548 862 867 876 899 906 
75 207 285 403 461 529 829 896 950 
2 226 766 826 846 883 
1 112 304 438 514 529 778 780 800 
455 546 661 752 757 854 899 923 947 970 978 
354 407 516 523 580 663 694 733 814 988 998 
293 610 674 712 759 787 854 
204 210 315 
151 181 257 348 561 758 778 845 865 900 914 919 920 938 
208 290 355 438 458 888 969 
18 48 71 210 217 234 242 336 387 522 560 617 885 937 
45 55 177 309 614 692 
70 120 175 368 413 496 529 597 623 716 766 793 910 960 
32 298 424 460 574 608 676 897 
27 75 95 159 217 259 355 438 517 684 882 892 937 956 
197 423 561 567 569 611 824 826 913 967 
14 55 108 156 160 294 578 653 887 
43 522 565 617 859 
41 276 427 480 500 541 708 779 793 841 874 967 984 
46 97 145 180 276 362 429 782 883 
2 57 258 577 851 
68 378 449 692 839 
378 443 576 601 614 684 722 888 991 
72 155 157 368 581 
57 112 144 285 387 403 474 499 511 594 614 658 666 720 814 817 858 
28 97 145 157 274 346 735 742 809 831 895 
93 785 
129 140 322 651 766 857 937 954 964 
93 203 204 529 732 949 
97 120 438 483 509 513 663 775 840 862 
136 192 193 274 487 561 585 638 843 854 888 925 935 948 
32 226 283 310 590 598 629 682 705 919 
32 285 455 752 947 
145 192 274 350 489 541 744 759 
125 130 698 839 
8 71 75 108 242 438 486 496 626 684 766 958 
71 346 372 373 405 435 477 510 527 630 682 802 803 844 883 922 
279 322 515 602 697 793 797 914 
35 215 216 261 266 387 409 474 485 491 526 532 676 682 692 720 789 812 970 998 
27 58 170 354 357 480 492 548 550 675 685 752 886 984 
7 132 226 230 239 351 354 449 470 529 592 653 681 948 
3 27 58 354 357 378 480 507 618 704 752 766 809 884 895 
803 
3 12 170 193 378 438 507 548 618 682 766 789 814 895 926 986 
72 96 110 171 183 240 387 449 533 541 594 598 642 671 682 788 900 982 991 
39 83 167 368 427 470 675 766 949 
85 205 274 328 448 538 834 
41 151 208 266 290 385 458 460 684 862 888 893 923 969 988 
48 319 352 368 527 529 595 676 720 
75 116 325 381 492 507 523 533 579 595 648 706 722 766 775 784 789 893 964 
3 145 413 508 
55 171 175 212 217 401 452 708 766 883 978 
8 69 97 203 308 334 423 580 689 742 746 800 839 963 
85 168 419 581 752 766 874 885 
8 48 349 510 578 845 921 938 966 
66 85 170 448 538 548 675 780 814 878 886 887 926 967 
8 71 75 108 188 242 438 467 486 571 634 684 766 911 958 
100 362 616 681 838 
162 173 183 204 351 507 649 771 900 
31 154 593 722 956 
78 183 362 438 563 567 676 789 909 914 980 
193 212 236 276 483 558 670 774 906 914 
32 68 118 145 217 301 334 343 362 489 522 593 622 676 694 713 722 930 
72 96 120 183 241 350 354 533 541 567 569 594 642 893 
151 181 257 277 348 793 845 900 914 938 984 
8 139 164 213 225 494 782 829 867 
80 396 438 470 521 548 605 682 825 988 
242 276 299 413 489 538 561 634 661 720 758 783 788 837 914 919 942 965 
21 22 33 57 217 283 319 346 505 540 616 706 
171 553 629 632 663 706 775 
33 192 217 239 276 283 346 468 487 515 638 804 888 919 935 960 
39 72 270 295 351 529 541 585 600 766 820 855 899 937 947 
54 236 280 354 512 617 662 814 829 900 918 